1
1
1
1
1
1
88
1
111
270
110
46
1
45
1
1
146
115
48
77
1
35
150
156
49
1
60
1
33
18
20
1
50
1
44
118
1
130
1
1
1
4
251
230
124
33
1
55
1
1
1
1
66
111
1
64
1
7
1
130
1
3
1
1
1
128
150
1
184
1
1
130
1
114
1
2
1
156
1
150
100
1
1
115
270
1
12
80
178
1
1
194
27
1
1
1
32
213
1
30
1
1
214
232
1
128
137
1
1
1
1
162
12
48
88
16
1
82
58
1
1
1
1
20
1
1
1
1
1
1
1
1
1
1
1
8
121
12
15
1
1
18
1
100
8
1
2
1
1
1
70
8
1
1
1
1
1
1
85
1
1
1
110
1
1
205
6
1
1
1
1
1
20
1
1
58
190
85
1
70
18
18
1
1
137
30
1
1
178
1
114
1
1
1
270
1
1
1
128
1
14
1
213
106
1
145
72
1
178
1
35
1
1
178
18
45
98
11
1
34
1
1
21
1
1
14
310
1
24
1
1
64
110
1
24
1
1
30
28
7
6
111
1
25
1
1
72
99
1
16
1
63
1
1
1
7
1
1
214
1
32
290
1
33
226
40
1
1
36
6
18
1
1
48
160
170
86
4
1
1
1
46
21
1
1
1
1
162
1
137
44
1
1
1
35
1
1
40
1
196
80
9
12
1
50
1
1
194
24
72
22
12
1
162
1
1
1
56
1
1
1
5
1
1
130
1
1
56
99
1
1
289
46
1
1
86
1
1
1
1
1
160
2
230
1
124
175
6
1
1
36
1
1
2
1
194
1
1
1
8
1
145
250
1
21
90
1
1
247
1
50
1
40
1
1
70
40
1
1
110
1
1
1
146
1
1
142
1
1
4
1
1
1
145
28
22
5
1
70
15
1
1
1
1
30
99
1
80
33
1
1
1
1
1
16
70
10
130
1
50
1
114
54
90
1
88
20
194
184
1
42
1
1
40
77
20
1
150
27
1
1
1
1
42
1
1
3
24
289
1
196
1
1
1
160
124
1
230
250
111
100
40
66
1
1
94
6
1
1
94
1
28
1
45
210
1
1
232
1
63
1
1
145
16
1
142
1
1
1
190
196
210
50
85
1
1
1
1
1
1
44
21
32
48
1
1
1
1
7
196
1
145
250
1
20
9
15
1
1
1
48
1
1
1
145
28
63
156
1
72
63
1
1
32
20
30
1
1
48
72
1
1
1
290
1
1
194
1
1
213
142
1
179
190
130
124
1
121
25
1
1
1
1
27
88
1
5
1
1
106
1
1
1
77
1
1
1
1
1
1
230
1
106
1
100
146
270
1
1
1
1
72
1
1
85
178
10
1
128
170
3
1
1
1
1
33
1
1
1
210
90
12
4
1
1
1
82
42
1
1
32
142
8
80
1
10
1
86
1
1
55
1
16
1
1
98
1
1
54
1
15
1
1
1
190
142
12
56
20
142
1
1
1
30
54
1
24
4
36
1
1
196
1
14
1
1
115
54
12
1
1
1
98
1
1
1
1
226
1
1
99
1
40
213
1
1
184
1
77
1
210
54
16
1
1
40
59
24
1
20
1
98
22
1
1
1
1
1
1
1
1
247
42
1
1
9
9
59
30
12
1
36
1
24
137
9
1
1
10
63
1
1
4
128
190
1
36
1
1
1
1
1
1
36
1
1
55
118
1
1
1
1
1
42
1
1
268
1
213
310
60
72
1
1
163
15
1
1
6
24
45
1
1
3
1
35
1
160
1
8
1
1
178
60
72
1
111
1
1
1
10
1
1
210
36
1
110
44
232
1
106
1
190
56
1
1
70
247
118
72
27
1
5
1
1
14
6
63
1
100
11
1
175
1
1
1
1
1
1
1
1
1
94
110
100
1
16
58
1
1
1
72
1
88
130
10
4
156
1
1
1
1
1
1
1
1
2
100
15
1
1
1
1
1
1
8
251
1
1
1
170
1
1
160
196
1
250
1
118
163
24
36
1
1
14
18
54
1
1
10
8
24
1
142
1
1
1
27
160
130
1
98
1
1
1
210
121
1
3
1
94
1
100
1
1
130
20
12
1
90
1
6
6
1
1
46
8
1
1
1
1
175
124
213
150
10
1
25
1
1
70
111
1
32
11
1
137
82
1
1
128
1
40
10
22
1
230
1
9
1
268
1
106
1
232
1
156
1
82
205
214
179
6
40
170
21
1
49
1
42
1
1
1
1
1
9
46
1
35
70
270
1
1
1
30
1
1
226
1
72
80
130
1
70
18
1
70
1
1
2
1
20
124
1
1
1
1
1
9
77
1
99
1
58
1
7
1
250
1
162
170
163
1
1
1
30
1
1
1
66
1
1
1
4
40
156
1
46
1
1
142
82
18
1
45
290
1
20
24
289
1
1
1
82
1
1
1
1
4
99
162
1
194
1
21
16
1
1
162
1
10
85
30
64
1
1
1
1
56
8
1
118
1
1
1
1
205
10
1
30
90
35
1
230
81
94
55
1
22
1
85
1
1
1
6
130
34
1
1
1
90
1
1
66
80
1
28
44
1
1
1
175
232
14
5
1
30
150
45
1
1
60
1
1
5
1
137
1
1
44
1
1
270
1
1
1
310
1
1
1
98
1
16
1
8
1
34
114
70
1
27
1
18
1
50
1
1
81
1
1
1
1
81
1
1
7
1
3
1
1
1
100
106
12
1
59
1
1
1
58
1
1
232
1
1
40
66
28
58
1
1
1
56
1
1
8
1
1
33
1
1
66
1
1
55
36
251
1
1
1
142
1
130
88
1
250
12
60
175
18
10
1
1
1
60
1
1
1
1
6
1
1
22
1
1
1
1
77
170
1
1
1
55
1
1
114
1
9
1
72
1
175
1
118
1
114
49
1
1
1
268
1
94
1
70
179
1
1
18
1
1
1
24
