0.000000000000000000e+00
1.666666666666666644e-02
3.333333333333333287e-02
5.000000000000000278e-02
6.666666666666666574e-02
8.333333333333332871e-02
1.000000000000000056e-01
1.166666666666666685e-01
1.333333333333333315e-01
1.499999999999999944e-01
1.666666666666666574e-01
1.833333333333333204e-01
2.000000000000000111e-01
2.166666666666666741e-01
2.333333333333333370e-01
2.500000000000000000e-01
2.666666666666666630e-01
2.833333333333333259e-01
2.999999999999999889e-01
3.166666666666666519e-01
3.333333333333333148e-01
3.499999999999999778e-01
3.666666666666666408e-01
3.833333333333333037e-01
4.000000000000000222e-01
4.166666666666666852e-01
4.333333333333333481e-01
4.500000000000000111e-01
4.666666666666666741e-01
4.833333333333333370e-01
5.000000000000000000e-01
5.166666666666666075e-01
5.333333333333333259e-01
5.500000000000000444e-01
5.666666666666666519e-01
5.833333333333333703e-01
5.999999999999999778e-01
6.166666666666666963e-01
6.333333333333333037e-01
6.500000000000000222e-01
6.666666666666666297e-01
6.833333333333333481e-01
6.999999999999999556e-01
7.166666666666666741e-01
7.333333333333332815e-01
7.500000000000000000e-01
7.666666666666666075e-01
7.833333333333333259e-01
8.000000000000000444e-01
8.166666666666666519e-01
8.333333333333333703e-01
8.499999999999999778e-01
8.666666666666666963e-01
8.833333333333333037e-01
9.000000000000000222e-01
9.166666666666666297e-01
9.333333333333333481e-01
9.499999999999999556e-01
9.666666666666666741e-01
9.833333333333332815e-01
1.000000000000000000e+00
1.016666666666666607e+00
1.033333333333333215e+00
1.050000000000000044e+00
1.066666666666666652e+00
1.083333333333333259e+00
1.100000000000000089e+00
1.116666666666666696e+00
1.133333333333333304e+00
1.149999999999999911e+00
1.166666666666666741e+00
1.183333333333333348e+00
1.199999999999999956e+00
1.216666666666666563e+00
1.233333333333333393e+00
1.250000000000000000e+00
1.266666666666666607e+00
1.283333333333333215e+00
1.300000000000000044e+00
1.316666666666666652e+00
1.333333333333333259e+00
1.350000000000000089e+00
1.366666666666666696e+00
1.383333333333333304e+00
1.399999999999999911e+00
1.416666666666666741e+00
1.433333333333333348e+00
1.449999999999999956e+00
1.466666666666666563e+00
1.483333333333333393e+00
1.500000000000000000e+00
1.516666666666666607e+00
1.533333333333333215e+00
1.550000000000000044e+00
1.566666666666666652e+00
1.583333333333333259e+00
1.600000000000000089e+00
1.616666666666666696e+00
1.633333333333333304e+00
1.649999999999999911e+00
1.666666666666666741e+00
1.683333333333333348e+00
1.699999999999999956e+00
1.716666666666666563e+00
1.733333333333333393e+00
1.750000000000000000e+00
1.766666666666666607e+00
1.783333333333333215e+00
1.800000000000000044e+00
1.816666666666666652e+00
1.833333333333333259e+00
1.849999999999999867e+00
1.866666666666666696e+00
1.883333333333333304e+00
1.899999999999999911e+00
1.916666666666666741e+00
1.933333333333333348e+00
1.949999999999999956e+00
1.966666666666666563e+00
1.983333333333333393e+00
2.000000000000000000e+00
2.016666666666666607e+00
2.033333333333333215e+00
2.049999999999999822e+00
2.066666666666666430e+00
2.083333333333333481e+00
2.100000000000000089e+00
2.116666666666666696e+00
2.133333333333333304e+00
2.149999999999999911e+00
2.166666666666666519e+00
2.183333333333333126e+00
2.200000000000000178e+00
2.216666666666666785e+00
2.233333333333333393e+00
2.250000000000000000e+00
2.266666666666666607e+00
2.283333333333333215e+00
2.299999999999999822e+00
2.316666666666666430e+00
2.333333333333333481e+00
2.350000000000000089e+00
2.366666666666666696e+00
2.383333333333333304e+00
2.399999999999999911e+00
2.416666666666666519e+00
2.433333333333333126e+00
2.450000000000000178e+00
2.466666666666666785e+00
2.483333333333333393e+00
2.500000000000000000e+00
2.516666666666666607e+00
2.533333333333333215e+00
2.549999999999999822e+00
2.566666666666666430e+00
2.583333333333333481e+00
2.600000000000000089e+00
2.616666666666666696e+00
2.633333333333333304e+00
2.649999999999999911e+00
2.666666666666666519e+00
2.683333333333333126e+00
2.700000000000000178e+00
2.716666666666666785e+00
2.733333333333333393e+00
2.750000000000000000e+00
2.766666666666666607e+00
2.783333333333333215e+00
2.799999999999999822e+00
2.816666666666666430e+00
2.833333333333333481e+00
2.850000000000000089e+00
2.866666666666666696e+00
2.883333333333333304e+00
2.899999999999999911e+00
2.916666666666666519e+00
2.933333333333333126e+00
2.950000000000000178e+00
2.966666666666666785e+00
2.983333333333333393e+00
3.000000000000000000e+00
3.016666666666666607e+00
3.033333333333333215e+00
3.049999999999999822e+00
3.066666666666666430e+00
3.083333333333333481e+00
3.100000000000000089e+00
3.116666666666666696e+00
3.133333333333333304e+00
3.149999999999999911e+00
3.166666666666666519e+00
3.183333333333333126e+00
3.200000000000000178e+00
3.216666666666666785e+00
3.233333333333333393e+00
3.250000000000000000e+00
3.266666666666666607e+00
3.283333333333333215e+00
3.299999999999999822e+00
3.316666666666666430e+00
3.333333333333333481e+00
3.350000000000000089e+00
3.366666666666666696e+00
3.383333333333333304e+00
3.399999999999999911e+00
3.416666666666666519e+00
3.433333333333333126e+00
3.449999999999999734e+00
3.466666666666666785e+00
3.483333333333333393e+00
3.500000000000000000e+00
3.516666666666666607e+00
3.533333333333333215e+00
3.549999999999999822e+00
3.566666666666666430e+00
3.583333333333333481e+00
3.600000000000000089e+00
3.616666666666666696e+00
3.633333333333333304e+00
3.649999999999999911e+00
3.666666666666666519e+00
3.683333333333333126e+00
3.699999999999999734e+00
3.716666666666666785e+00
3.733333333333333393e+00
3.750000000000000000e+00
3.766666666666666607e+00
3.783333333333333215e+00
3.799999999999999822e+00
3.816666666666666430e+00
3.833333333333333481e+00
3.850000000000000089e+00
3.866666666666666696e+00
3.883333333333333304e+00
3.899999999999999911e+00
3.916666666666666519e+00
3.933333333333333126e+00
3.949999999999999734e+00
3.966666666666666785e+00
3.983333333333333393e+00
4.000000000000000000e+00
4.016666666666666607e+00
4.033333333333333215e+00
4.049999999999999822e+00
4.066666666666666430e+00
4.083333333333333037e+00
4.099999999999999645e+00
4.116666666666666252e+00
4.133333333333332860e+00
4.150000000000000355e+00
4.166666666666666963e+00
4.183333333333333570e+00
4.200000000000000178e+00
4.216666666666666785e+00
4.233333333333333393e+00
4.250000000000000000e+00
4.266666666666666607e+00
4.283333333333333215e+00
4.299999999999999822e+00
4.316666666666666430e+00
4.333333333333333037e+00
4.349999999999999645e+00
4.366666666666666252e+00
4.383333333333332860e+00
4.400000000000000355e+00
4.416666666666666963e+00
4.433333333333333570e+00
4.450000000000000178e+00
4.466666666666666785e+00
4.483333333333333393e+00
4.500000000000000000e+00
4.516666666666666607e+00
4.533333333333333215e+00
4.549999999999999822e+00
4.566666666666666430e+00
4.583333333333333037e+00
4.599999999999999645e+00
4.616666666666666252e+00
4.633333333333332860e+00
4.650000000000000355e+00
4.666666666666666963e+00
4.683333333333333570e+00
4.700000000000000178e+00
4.716666666666666785e+00
4.733333333333333393e+00
4.750000000000000000e+00
4.766666666666666607e+00
4.783333333333333215e+00
4.799999999999999822e+00
4.816666666666666430e+00
4.833333333333333037e+00
4.849999999999999645e+00
4.866666666666666252e+00
4.883333333333332860e+00
4.900000000000000355e+00
4.916666666666666963e+00
4.933333333333333570e+00
4.950000000000000178e+00
4.966666666666666785e+00
4.983333333333333393e+00
5.000000000000000000e+00
5.016666666666666607e+00
5.033333333333333215e+00
5.049999999999999822e+00
5.066666666666666430e+00
5.083333333333333037e+00
5.099999999999999645e+00
5.116666666666666252e+00
5.133333333333332860e+00
5.150000000000000355e+00
5.166666666666666963e+00
5.183333333333333570e+00
5.200000000000000178e+00
5.216666666666666785e+00
5.233333333333333393e+00
5.250000000000000000e+00
5.266666666666666607e+00
5.283333333333333215e+00
5.299999999999999822e+00
5.316666666666666430e+00
5.333333333333333037e+00
5.349999999999999645e+00
5.366666666666666252e+00
5.383333333333332860e+00
5.400000000000000355e+00
5.416666666666666963e+00
5.433333333333333570e+00
5.450000000000000178e+00
5.466666666666666785e+00
5.483333333333333393e+00
5.500000000000000000e+00
5.516666666666666607e+00
5.533333333333333215e+00
5.549999999999999822e+00
5.566666666666666430e+00
5.583333333333333037e+00
5.599999999999999645e+00
5.616666666666666252e+00
5.633333333333332860e+00
5.650000000000000355e+00
5.666666666666666963e+00
5.683333333333333570e+00
5.700000000000000178e+00
5.716666666666666785e+00
5.733333333333333393e+00
5.750000000000000000e+00
5.766666666666666607e+00
5.783333333333333215e+00
5.799999999999999822e+00
5.816666666666666430e+00
5.833333333333333037e+00
5.849999999999999645e+00
5.866666666666666252e+00
5.883333333333332860e+00
5.900000000000000355e+00
5.916666666666666963e+00
5.933333333333333570e+00
5.950000000000000178e+00
5.966666666666666785e+00
5.983333333333333393e+00
6.000000000000000000e+00
6.016666666666666607e+00
6.033333333333333215e+00
6.049999999999999822e+00
6.066666666666666430e+00
6.083333333333333037e+00
6.099999999999999645e+00
6.116666666666666252e+00
6.133333333333332860e+00
6.150000000000000355e+00
6.166666666666666963e+00
6.183333333333333570e+00
6.200000000000000178e+00
6.216666666666666785e+00
6.233333333333333393e+00
6.250000000000000000e+00
6.266666666666666607e+00
6.283333333333333215e+00
6.299999999999999822e+00
6.316666666666666430e+00
6.333333333333333037e+00
6.349999999999999645e+00
6.366666666666666252e+00
6.383333333333332860e+00
6.400000000000000355e+00
6.416666666666666963e+00
6.433333333333333570e+00
6.450000000000000178e+00
6.466666666666666785e+00
6.483333333333333393e+00
6.500000000000000000e+00
6.516666666666666607e+00
6.533333333333333215e+00
6.549999999999999822e+00
6.566666666666666430e+00
6.583333333333333037e+00
6.599999999999999645e+00
6.616666666666666252e+00
6.633333333333332860e+00
6.649999999999999467e+00
6.666666666666666963e+00
6.683333333333333570e+00
6.700000000000000178e+00
6.716666666666666785e+00
6.733333333333333393e+00
6.750000000000000000e+00
6.766666666666666607e+00
6.783333333333333215e+00
6.799999999999999822e+00
6.816666666666666430e+00
6.833333333333333037e+00
6.849999999999999645e+00
6.866666666666666252e+00
6.883333333333332860e+00
6.899999999999999467e+00
6.916666666666666963e+00
6.933333333333333570e+00
6.950000000000000178e+00
6.966666666666666785e+00
6.983333333333333393e+00
7.000000000000000000e+00
7.016666666666666607e+00
7.033333333333333215e+00
7.049999999999999822e+00
7.066666666666666430e+00
7.083333333333333037e+00
7.099999999999999645e+00
7.116666666666666252e+00
7.133333333333332860e+00
7.149999999999999467e+00
7.166666666666666963e+00
7.183333333333333570e+00
7.200000000000000178e+00
7.216666666666666785e+00
7.233333333333333393e+00
7.250000000000000000e+00
7.266666666666666607e+00
7.283333333333333215e+00
7.299999999999999822e+00
7.316666666666666430e+00
7.333333333333333037e+00
7.349999999999999645e+00
7.366666666666666252e+00
7.383333333333332860e+00
7.399999999999999467e+00
7.416666666666666963e+00
7.433333333333333570e+00
7.450000000000000178e+00
7.466666666666666785e+00
7.483333333333333393e+00
7.500000000000000000e+00
7.516666666666666607e+00
7.533333333333333215e+00
7.549999999999999822e+00
7.566666666666666430e+00
7.583333333333333037e+00
7.599999999999999645e+00
7.616666666666666252e+00
7.633333333333332860e+00
7.649999999999999467e+00
7.666666666666666963e+00
7.683333333333333570e+00
7.700000000000000178e+00
7.716666666666666785e+00
7.733333333333333393e+00
7.750000000000000000e+00
7.766666666666666607e+00
7.783333333333333215e+00
7.799999999999999822e+00
7.816666666666666430e+00
7.833333333333333037e+00
7.849999999999999645e+00
7.866666666666666252e+00
7.883333333333332860e+00
7.899999999999999467e+00
7.916666666666666963e+00
7.933333333333333570e+00
7.950000000000000178e+00
7.966666666666666785e+00
7.983333333333333393e+00
8.000000000000000000e+00
8.016666666666665719e+00
8.033333333333333215e+00
8.050000000000000711e+00
8.066666666666666430e+00
8.083333333333333925e+00
8.099999999999999645e+00
8.116666666666667140e+00
8.133333333333332860e+00
8.150000000000000355e+00
8.166666666666666075e+00
8.183333333333333570e+00
8.199999999999999289e+00
8.216666666666666785e+00
8.233333333333332504e+00
8.250000000000000000e+00
8.266666666666665719e+00
8.283333333333333215e+00
8.300000000000000711e+00
8.316666666666666430e+00
8.333333333333333925e+00
8.349999999999999645e+00
8.366666666666667140e+00
8.383333333333332860e+00
8.400000000000000355e+00
8.416666666666666075e+00
8.433333333333333570e+00
8.449999999999999289e+00
8.466666666666666785e+00
8.483333333333332504e+00
8.500000000000000000e+00
8.516666666666665719e+00
8.533333333333333215e+00
8.550000000000000711e+00
8.566666666666666430e+00
8.583333333333333925e+00
8.599999999999999645e+00
8.616666666666667140e+00
8.633333333333332860e+00
8.650000000000000355e+00
8.666666666666666075e+00
8.683333333333333570e+00
8.699999999999999289e+00
8.716666666666666785e+00
8.733333333333332504e+00
8.750000000000000000e+00
8.766666666666665719e+00
8.783333333333333215e+00
8.800000000000000711e+00
8.816666666666666430e+00
8.833333333333333925e+00
8.849999999999999645e+00
8.866666666666667140e+00
8.883333333333332860e+00
8.900000000000000355e+00
8.916666666666666075e+00
8.933333333333333570e+00
8.949999999999999289e+00
8.966666666666666785e+00
8.983333333333332504e+00
9.000000000000000000e+00
9.016666666666665719e+00
9.033333333333333215e+00
9.050000000000000711e+00
9.066666666666666430e+00
9.083333333333333925e+00
9.099999999999999645e+00
9.116666666666667140e+00
9.133333333333332860e+00
9.150000000000000355e+00
9.166666666666666075e+00
9.183333333333333570e+00
9.199999999999999289e+00
9.216666666666666785e+00
9.233333333333332504e+00
9.250000000000000000e+00
9.266666666666665719e+00
9.283333333333333215e+00
9.300000000000000711e+00
9.316666666666666430e+00
9.333333333333333925e+00
9.349999999999999645e+00
9.366666666666667140e+00
9.383333333333332860e+00
9.400000000000000355e+00
9.416666666666666075e+00
9.433333333333333570e+00
9.449999999999999289e+00
9.466666666666666785e+00
9.483333333333332504e+00
9.500000000000000000e+00
9.516666666666665719e+00
9.533333333333333215e+00
9.550000000000000711e+00
9.566666666666666430e+00
9.583333333333333925e+00
9.599999999999999645e+00
9.616666666666667140e+00
9.633333333333332860e+00
9.650000000000000355e+00
9.666666666666666075e+00
9.683333333333333570e+00
9.699999999999999289e+00
9.716666666666666785e+00
9.733333333333332504e+00
9.750000000000000000e+00
9.766666666666665719e+00
9.783333333333333215e+00
9.800000000000000711e+00
9.816666666666666430e+00
9.833333333333333925e+00
9.849999999999999645e+00
9.866666666666667140e+00
9.883333333333332860e+00
9.900000000000000355e+00
9.916666666666666075e+00
9.933333333333333570e+00
9.949999999999999289e+00
9.966666666666666785e+00
9.983333333333332504e+00
1.000000000000000000e+01
1.001666666666666572e+01
1.003333333333333321e+01
1.005000000000000071e+01
1.006666666666666643e+01
1.008333333333333393e+01
1.009999999999999964e+01
1.011666666666666714e+01
1.013333333333333286e+01
1.015000000000000036e+01
1.016666666666666607e+01
1.018333333333333357e+01
1.019999999999999929e+01
1.021666666666666679e+01
1.023333333333333250e+01
1.025000000000000000e+01
1.026666666666666572e+01
1.028333333333333321e+01
1.030000000000000071e+01
1.031666666666666643e+01
1.033333333333333393e+01
1.034999999999999964e+01
1.036666666666666714e+01
1.038333333333333286e+01
1.040000000000000036e+01
1.041666666666666607e+01
1.043333333333333357e+01
1.044999999999999929e+01
1.046666666666666679e+01
1.048333333333333250e+01
1.050000000000000000e+01
1.051666666666666572e+01
1.053333333333333321e+01
1.055000000000000071e+01
1.056666666666666643e+01
1.058333333333333393e+01
1.059999999999999964e+01
1.061666666666666714e+01
1.063333333333333286e+01
1.065000000000000036e+01
1.066666666666666607e+01
1.068333333333333357e+01
1.069999999999999929e+01
1.071666666666666679e+01
1.073333333333333250e+01
1.075000000000000000e+01
1.076666666666666572e+01
1.078333333333333321e+01
1.080000000000000071e+01
1.081666666666666643e+01
1.083333333333333393e+01
1.084999999999999964e+01
1.086666666666666714e+01
1.088333333333333286e+01
1.090000000000000036e+01
1.091666666666666607e+01
1.093333333333333357e+01
1.094999999999999929e+01
1.096666666666666679e+01
1.098333333333333250e+01
1.100000000000000000e+01
1.101666666666666572e+01
1.103333333333333321e+01
1.105000000000000071e+01
1.106666666666666643e+01
1.108333333333333393e+01
1.109999999999999964e+01
1.111666666666666714e+01
1.113333333333333286e+01
1.115000000000000036e+01
1.116666666666666607e+01
1.118333333333333357e+01
1.119999999999999929e+01
1.121666666666666679e+01
1.123333333333333250e+01
1.125000000000000000e+01
1.126666666666666572e+01
1.128333333333333321e+01
1.130000000000000071e+01
1.131666666666666643e+01
1.133333333333333393e+01
1.134999999999999964e+01
1.136666666666666714e+01
1.138333333333333286e+01
1.140000000000000036e+01
1.141666666666666607e+01
1.143333333333333357e+01
1.144999999999999929e+01
1.146666666666666679e+01
1.148333333333333250e+01
1.150000000000000000e+01
1.151666666666666572e+01
1.153333333333333321e+01
1.155000000000000071e+01
1.156666666666666643e+01
1.158333333333333393e+01
1.159999999999999964e+01
1.161666666666666714e+01
1.163333333333333286e+01
1.165000000000000036e+01
1.166666666666666607e+01
1.168333333333333357e+01
1.169999999999999929e+01
1.171666666666666679e+01
1.173333333333333250e+01
1.175000000000000000e+01
1.176666666666666572e+01
1.178333333333333321e+01
1.180000000000000071e+01
1.181666666666666643e+01
1.183333333333333393e+01
1.184999999999999964e+01
1.186666666666666714e+01
1.188333333333333286e+01
1.190000000000000036e+01
1.191666666666666607e+01
1.193333333333333357e+01
1.194999999999999929e+01
1.196666666666666679e+01
1.198333333333333250e+01
1.200000000000000000e+01
1.201666666666666572e+01
1.203333333333333321e+01
1.205000000000000071e+01
1.206666666666666643e+01
1.208333333333333393e+01
1.209999999999999964e+01
1.211666666666666714e+01
1.213333333333333286e+01
1.215000000000000036e+01
1.216666666666666607e+01
1.218333333333333357e+01
1.219999999999999929e+01
1.221666666666666679e+01
1.223333333333333250e+01
1.225000000000000000e+01
1.226666666666666572e+01
1.228333333333333321e+01
1.230000000000000071e+01
1.231666666666666643e+01
1.233333333333333393e+01
1.234999999999999964e+01
1.236666666666666714e+01
1.238333333333333286e+01
1.240000000000000036e+01
1.241666666666666607e+01
1.243333333333333357e+01
1.244999999999999929e+01
1.246666666666666679e+01
1.248333333333333250e+01
1.250000000000000000e+01
1.251666666666666572e+01
1.253333333333333321e+01
1.255000000000000071e+01
1.256666666666666643e+01
1.258333333333333393e+01
1.259999999999999964e+01
1.261666666666666714e+01
1.263333333333333286e+01
1.265000000000000036e+01
1.266666666666666607e+01
1.268333333333333357e+01
1.269999999999999929e+01
1.271666666666666679e+01
1.273333333333333250e+01
1.275000000000000000e+01
1.276666666666666572e+01
1.278333333333333321e+01
1.280000000000000071e+01
1.281666666666666643e+01
1.283333333333333393e+01
1.284999999999999964e+01
1.286666666666666714e+01
1.288333333333333286e+01
1.290000000000000036e+01
1.291666666666666607e+01
1.293333333333333357e+01
1.294999999999999929e+01
1.296666666666666679e+01
1.298333333333333250e+01
1.300000000000000000e+01
1.301666666666666572e+01
1.303333333333333321e+01
1.304999999999999893e+01
1.306666666666666643e+01
1.308333333333333393e+01
1.309999999999999964e+01
1.311666666666666714e+01
1.313333333333333286e+01
1.315000000000000036e+01
1.316666666666666607e+01
1.318333333333333357e+01
1.319999999999999929e+01
1.321666666666666679e+01
1.323333333333333250e+01
1.325000000000000000e+01
1.326666666666666572e+01
1.328333333333333321e+01
1.329999999999999893e+01
1.331666666666666643e+01
1.333333333333333393e+01
1.334999999999999964e+01
1.336666666666666714e+01
1.338333333333333286e+01
1.340000000000000036e+01
1.341666666666666607e+01
1.343333333333333357e+01
1.344999999999999929e+01
1.346666666666666679e+01
1.348333333333333250e+01
1.350000000000000000e+01
1.351666666666666572e+01
1.353333333333333321e+01
1.354999999999999893e+01
1.356666666666666643e+01
1.358333333333333393e+01
1.359999999999999964e+01
1.361666666666666714e+01
1.363333333333333286e+01
1.365000000000000036e+01
1.366666666666666607e+01
1.368333333333333357e+01
1.369999999999999929e+01
1.371666666666666679e+01
1.373333333333333250e+01
1.375000000000000000e+01
1.376666666666666572e+01
1.378333333333333321e+01
1.379999999999999893e+01
1.381666666666666643e+01
1.383333333333333393e+01
1.384999999999999964e+01
1.386666666666666714e+01
1.388333333333333286e+01
1.390000000000000036e+01
1.391666666666666607e+01
1.393333333333333357e+01
1.394999999999999929e+01
1.396666666666666679e+01
1.398333333333333250e+01
1.400000000000000000e+01
1.401666666666666572e+01
1.403333333333333321e+01
1.404999999999999893e+01
1.406666666666666643e+01
1.408333333333333393e+01
1.409999999999999964e+01
1.411666666666666714e+01
1.413333333333333286e+01
1.415000000000000036e+01
1.416666666666666607e+01
1.418333333333333357e+01
1.419999999999999929e+01
1.421666666666666679e+01
1.423333333333333250e+01
1.425000000000000000e+01
1.426666666666666572e+01
1.428333333333333321e+01
1.429999999999999893e+01
1.431666666666666643e+01
1.433333333333333393e+01
1.434999999999999964e+01
1.436666666666666714e+01
1.438333333333333286e+01
1.440000000000000036e+01
1.441666666666666607e+01
1.443333333333333357e+01
1.444999999999999929e+01
1.446666666666666679e+01
1.448333333333333250e+01
1.450000000000000000e+01
1.451666666666666572e+01
1.453333333333333321e+01
1.454999999999999893e+01
1.456666666666666643e+01
1.458333333333333393e+01
1.459999999999999964e+01
1.461666666666666714e+01
1.463333333333333286e+01
1.465000000000000036e+01
1.466666666666666607e+01
1.468333333333333357e+01
1.469999999999999929e+01
1.471666666666666679e+01
1.473333333333333250e+01
1.475000000000000000e+01
1.476666666666666572e+01
1.478333333333333321e+01
1.479999999999999893e+01
1.481666666666666643e+01
1.483333333333333393e+01
1.484999999999999964e+01
1.486666666666666714e+01
1.488333333333333286e+01
1.490000000000000036e+01
1.491666666666666607e+01
1.493333333333333357e+01
1.494999999999999929e+01
1.496666666666666679e+01
1.498333333333333250e+01
1.500000000000000000e+01
1.501666666666666572e+01
1.503333333333333321e+01
1.504999999999999893e+01
1.506666666666666643e+01
1.508333333333333393e+01
1.509999999999999964e+01
1.511666666666666714e+01
1.513333333333333286e+01
1.515000000000000036e+01
1.516666666666666607e+01
1.518333333333333357e+01
1.519999999999999929e+01
1.521666666666666679e+01
1.523333333333333250e+01
1.525000000000000000e+01
1.526666666666666572e+01
1.528333333333333321e+01
1.529999999999999893e+01
1.531666666666666643e+01
1.533333333333333393e+01
1.534999999999999964e+01
1.536666666666666714e+01
1.538333333333333286e+01
1.540000000000000036e+01
1.541666666666666607e+01
1.543333333333333357e+01
1.544999999999999929e+01
1.546666666666666679e+01
1.548333333333333250e+01
1.550000000000000000e+01
1.551666666666666572e+01
1.553333333333333321e+01
1.554999999999999893e+01
1.556666666666666643e+01
1.558333333333333393e+01
1.559999999999999964e+01
1.561666666666666714e+01
1.563333333333333286e+01
1.565000000000000036e+01
1.566666666666666607e+01
1.568333333333333357e+01
1.569999999999999929e+01
1.571666666666666679e+01
1.573333333333333250e+01
1.575000000000000000e+01
1.576666666666666572e+01
1.578333333333333321e+01
1.579999999999999893e+01
1.581666666666666643e+01
1.583333333333333393e+01
1.584999999999999964e+01
1.586666666666666714e+01
1.588333333333333286e+01
1.590000000000000036e+01
1.591666666666666607e+01
1.593333333333333357e+01
1.594999999999999929e+01
1.596666666666666679e+01
1.598333333333333250e+01
1.600000000000000000e+01
1.601666666666666572e+01
1.603333333333333144e+01
1.605000000000000071e+01
1.606666666666666643e+01
1.608333333333333215e+01
1.610000000000000142e+01
1.611666666666666714e+01
1.613333333333333286e+01
1.614999999999999858e+01
1.616666666666666785e+01
1.618333333333333357e+01
1.619999999999999929e+01
1.621666666666666501e+01
1.623333333333333428e+01
1.625000000000000000e+01
1.626666666666666572e+01
1.628333333333333144e+01
1.630000000000000071e+01
1.631666666666666643e+01
1.633333333333333215e+01
1.635000000000000142e+01
1.636666666666666714e+01
1.638333333333333286e+01
1.639999999999999858e+01
1.641666666666666785e+01
1.643333333333333357e+01
1.644999999999999929e+01
1.646666666666666501e+01
1.648333333333333428e+01
1.650000000000000000e+01
1.651666666666666572e+01
1.653333333333333144e+01
1.655000000000000071e+01
1.656666666666666643e+01
1.658333333333333215e+01
1.660000000000000142e+01
1.661666666666666714e+01
1.663333333333333286e+01
1.664999999999999858e+01
1.666666666666666785e+01
1.668333333333333357e+01
1.669999999999999929e+01
1.671666666666666501e+01
1.673333333333333428e+01
1.675000000000000000e+01
1.676666666666666572e+01
1.678333333333333144e+01
1.680000000000000071e+01
1.681666666666666643e+01
1.683333333333333215e+01
1.685000000000000142e+01
1.686666666666666714e+01
1.688333333333333286e+01
1.689999999999999858e+01
1.691666666666666785e+01
1.693333333333333357e+01
1.694999999999999929e+01
1.696666666666666501e+01
1.698333333333333428e+01
1.700000000000000000e+01
1.701666666666666572e+01
1.703333333333333144e+01
1.705000000000000071e+01
1.706666666666666643e+01
1.708333333333333215e+01
1.710000000000000142e+01
1.711666666666666714e+01
1.713333333333333286e+01
1.714999999999999858e+01
1.716666666666666785e+01
1.718333333333333357e+01
1.719999999999999929e+01
1.721666666666666501e+01
1.723333333333333428e+01
1.725000000000000000e+01
1.726666666666666572e+01
1.728333333333333144e+01
1.730000000000000071e+01
1.731666666666666643e+01
1.733333333333333215e+01
1.735000000000000142e+01
1.736666666666666714e+01
1.738333333333333286e+01
1.739999999999999858e+01
1.741666666666666785e+01
1.743333333333333357e+01
1.744999999999999929e+01
1.746666666666666501e+01
1.748333333333333428e+01
1.750000000000000000e+01
1.751666666666666572e+01
1.753333333333333144e+01
1.755000000000000071e+01
1.756666666666666643e+01
1.758333333333333215e+01
1.760000000000000142e+01
1.761666666666666714e+01
1.763333333333333286e+01
1.764999999999999858e+01
1.766666666666666785e+01
1.768333333333333357e+01
1.769999999999999929e+01
1.771666666666666501e+01
1.773333333333333428e+01
1.775000000000000000e+01
1.776666666666666572e+01
1.778333333333333144e+01
1.780000000000000071e+01
1.781666666666666643e+01
1.783333333333333215e+01
1.785000000000000142e+01
1.786666666666666714e+01
1.788333333333333286e+01
1.789999999999999858e+01
1.791666666666666785e+01
1.793333333333333357e+01
1.794999999999999929e+01
1.796666666666666501e+01
1.798333333333333428e+01
1.800000000000000000e+01
1.801666666666666572e+01
1.803333333333333144e+01
1.805000000000000071e+01
1.806666666666666643e+01
1.808333333333333215e+01
1.810000000000000142e+01
1.811666666666666714e+01
1.813333333333333286e+01
1.814999999999999858e+01
1.816666666666666785e+01
1.818333333333333357e+01
1.819999999999999929e+01
1.821666666666666501e+01
1.823333333333333428e+01
1.825000000000000000e+01
1.826666666666666572e+01
1.828333333333333144e+01
1.830000000000000071e+01
1.831666666666666643e+01
1.833333333333333215e+01
1.835000000000000142e+01
1.836666666666666714e+01
1.838333333333333286e+01
1.839999999999999858e+01
1.841666666666666785e+01
1.843333333333333357e+01
1.844999999999999929e+01
1.846666666666666501e+01
1.848333333333333428e+01
1.850000000000000000e+01
1.851666666666666572e+01
1.853333333333333144e+01
1.855000000000000071e+01
1.856666666666666643e+01
1.858333333333333215e+01
1.860000000000000142e+01
1.861666666666666714e+01
1.863333333333333286e+01
1.864999999999999858e+01
1.866666666666666785e+01
1.868333333333333357e+01
1.869999999999999929e+01
1.871666666666666501e+01
1.873333333333333428e+01
1.875000000000000000e+01
1.876666666666666572e+01
1.878333333333333144e+01
1.880000000000000071e+01
1.881666666666666643e+01
1.883333333333333215e+01
1.885000000000000142e+01
1.886666666666666714e+01
1.888333333333333286e+01
1.889999999999999858e+01
1.891666666666666785e+01
1.893333333333333357e+01
1.894999999999999929e+01
1.896666666666666501e+01
1.898333333333333428e+01
1.900000000000000000e+01
1.901666666666666572e+01
1.903333333333333144e+01
1.905000000000000071e+01
1.906666666666666643e+01
1.908333333333333215e+01
1.910000000000000142e+01
1.911666666666666714e+01
1.913333333333333286e+01
1.914999999999999858e+01
1.916666666666666785e+01
1.918333333333333357e+01
1.919999999999999929e+01
1.921666666666666501e+01
1.923333333333333428e+01
1.925000000000000000e+01
1.926666666666666572e+01
1.928333333333333144e+01
1.930000000000000071e+01
1.931666666666666643e+01
1.933333333333333215e+01
1.935000000000000142e+01
1.936666666666666714e+01
1.938333333333333286e+01
1.939999999999999858e+01
1.941666666666666785e+01
1.943333333333333357e+01
1.944999999999999929e+01
1.946666666666666501e+01
1.948333333333333428e+01
1.950000000000000000e+01
1.951666666666666572e+01
1.953333333333333144e+01
1.955000000000000071e+01
1.956666666666666643e+01
1.958333333333333215e+01
1.960000000000000142e+01
1.961666666666666714e+01
1.963333333333333286e+01
1.964999999999999858e+01
1.966666666666666785e+01
1.968333333333333357e+01
1.969999999999999929e+01
1.971666666666666501e+01
1.973333333333333428e+01
1.975000000000000000e+01
1.976666666666666572e+01
1.978333333333333144e+01
1.980000000000000071e+01
1.981666666666666643e+01
1.983333333333333215e+01
1.985000000000000142e+01
1.986666666666666714e+01
1.988333333333333286e+01
1.989999999999999858e+01
1.991666666666666785e+01
1.993333333333333357e+01
1.994999999999999929e+01
1.996666666666666501e+01
1.998333333333333428e+01
2.000000000000000000e+01
2.001666666666666572e+01
2.003333333333333144e+01
2.005000000000000071e+01
2.006666666666666643e+01
2.008333333333333215e+01
2.010000000000000142e+01
2.011666666666666714e+01
2.013333333333333286e+01
2.014999999999999858e+01
2.016666666666666785e+01
2.018333333333333357e+01
2.019999999999999929e+01
2.021666666666666501e+01
2.023333333333333428e+01
2.025000000000000000e+01
2.026666666666666572e+01
2.028333333333333144e+01
2.030000000000000071e+01
2.031666666666666643e+01
2.033333333333333215e+01
2.035000000000000142e+01
2.036666666666666714e+01
2.038333333333333286e+01
2.039999999999999858e+01
2.041666666666666785e+01
2.043333333333333357e+01
2.044999999999999929e+01
2.046666666666666501e+01
2.048333333333333428e+01
2.050000000000000000e+01
2.051666666666666572e+01
2.053333333333333144e+01
2.055000000000000071e+01
2.056666666666666643e+01
2.058333333333333215e+01
2.060000000000000142e+01
2.061666666666666714e+01
2.063333333333333286e+01
2.064999999999999858e+01
2.066666666666666785e+01
2.068333333333333357e+01
2.069999999999999929e+01
2.071666666666666501e+01
2.073333333333333428e+01
2.075000000000000000e+01
2.076666666666666572e+01
2.078333333333333144e+01
2.080000000000000071e+01
2.081666666666666643e+01
2.083333333333333215e+01
2.085000000000000142e+01
2.086666666666666714e+01
2.088333333333333286e+01
2.089999999999999858e+01
2.091666666666666785e+01
2.093333333333333357e+01
2.094999999999999929e+01
2.096666666666666501e+01
2.098333333333333428e+01
2.100000000000000000e+01
2.101666666666666572e+01
2.103333333333333144e+01
2.105000000000000071e+01
2.106666666666666643e+01
2.108333333333333215e+01
2.110000000000000142e+01
2.111666666666666714e+01
2.113333333333333286e+01
2.114999999999999858e+01
2.116666666666666785e+01
2.118333333333333357e+01
2.119999999999999929e+01
2.121666666666666501e+01
2.123333333333333428e+01
2.125000000000000000e+01
2.126666666666666572e+01
2.128333333333333144e+01
2.130000000000000071e+01
2.131666666666666643e+01
2.133333333333333215e+01
2.135000000000000142e+01
2.136666666666666714e+01
2.138333333333333286e+01
2.139999999999999858e+01
2.141666666666666785e+01
2.143333333333333357e+01
2.144999999999999929e+01
2.146666666666666501e+01
2.148333333333333428e+01
2.150000000000000000e+01
2.151666666666666572e+01
2.153333333333333144e+01
2.155000000000000071e+01
2.156666666666666643e+01
2.158333333333333215e+01
2.160000000000000142e+01
2.161666666666666714e+01
2.163333333333333286e+01
2.164999999999999858e+01
2.166666666666666785e+01
2.168333333333333357e+01
2.169999999999999929e+01
2.171666666666666501e+01
2.173333333333333428e+01
2.175000000000000000e+01
2.176666666666666572e+01
2.178333333333333144e+01
2.180000000000000071e+01
2.181666666666666643e+01
2.183333333333333215e+01
2.185000000000000142e+01
2.186666666666666714e+01
2.188333333333333286e+01
2.189999999999999858e+01
2.191666666666666785e+01
2.193333333333333357e+01
2.194999999999999929e+01
2.196666666666666501e+01
2.198333333333333428e+01
2.200000000000000000e+01
2.201666666666666572e+01
2.203333333333333144e+01
2.205000000000000071e+01
2.206666666666666643e+01
2.208333333333333215e+01
2.210000000000000142e+01
2.211666666666666714e+01
2.213333333333333286e+01
2.214999999999999858e+01
2.216666666666666785e+01
2.218333333333333357e+01
2.219999999999999929e+01
2.221666666666666501e+01
2.223333333333333428e+01
2.225000000000000000e+01
2.226666666666666572e+01
2.228333333333333144e+01
2.230000000000000071e+01
2.231666666666666643e+01
2.233333333333333215e+01
2.235000000000000142e+01
2.236666666666666714e+01
2.238333333333333286e+01
2.239999999999999858e+01
2.241666666666666785e+01
2.243333333333333357e+01
2.244999999999999929e+01
2.246666666666666501e+01
2.248333333333333428e+01
2.250000000000000000e+01
2.251666666666666572e+01
2.253333333333333144e+01
2.255000000000000071e+01
2.256666666666666643e+01
2.258333333333333215e+01
2.260000000000000142e+01
2.261666666666666714e+01
2.263333333333333286e+01
2.264999999999999858e+01
2.266666666666666785e+01
2.268333333333333357e+01
2.269999999999999929e+01
2.271666666666666501e+01
2.273333333333333428e+01
2.275000000000000000e+01
2.276666666666666572e+01
2.278333333333333144e+01
2.280000000000000071e+01
2.281666666666666643e+01
2.283333333333333215e+01
2.285000000000000142e+01
2.286666666666666714e+01
2.288333333333333286e+01
2.289999999999999858e+01
2.291666666666666785e+01
2.293333333333333357e+01
2.294999999999999929e+01
2.296666666666666501e+01
2.298333333333333428e+01
2.300000000000000000e+01
2.301666666666666572e+01
2.303333333333333144e+01
2.305000000000000071e+01
2.306666666666666643e+01
2.308333333333333215e+01
2.310000000000000142e+01
2.311666666666666714e+01
2.313333333333333286e+01
2.314999999999999858e+01
2.316666666666666785e+01
2.318333333333333357e+01
2.319999999999999929e+01
2.321666666666666501e+01
2.323333333333333428e+01
2.325000000000000000e+01
2.326666666666666572e+01
2.328333333333333144e+01
2.330000000000000071e+01
2.331666666666666643e+01
2.333333333333333215e+01
2.335000000000000142e+01
2.336666666666666714e+01
2.338333333333333286e+01
2.339999999999999858e+01
2.341666666666666785e+01
2.343333333333333357e+01
2.344999999999999929e+01
2.346666666666666501e+01
2.348333333333333428e+01
2.350000000000000000e+01
2.351666666666666572e+01
2.353333333333333144e+01
2.355000000000000071e+01
2.356666666666666643e+01
2.358333333333333215e+01
2.360000000000000142e+01
2.361666666666666714e+01
2.363333333333333286e+01
2.364999999999999858e+01
2.366666666666666785e+01
2.368333333333333357e+01
2.369999999999999929e+01
2.371666666666666501e+01
2.373333333333333428e+01
2.375000000000000000e+01
2.376666666666666572e+01
2.378333333333333144e+01
2.380000000000000071e+01
2.381666666666666643e+01
2.383333333333333215e+01
2.385000000000000142e+01
2.386666666666666714e+01
2.388333333333333286e+01
2.389999999999999858e+01
2.391666666666666785e+01
2.393333333333333357e+01
2.394999999999999929e+01
2.396666666666666501e+01
2.398333333333333428e+01
