2
6
137
178
3
35
4
2
2
2
2
82
2
100
2
1
5
4
49
46
4
2
2
2
54
6
210
32
7
64
2
2
3
2
88
1
4
2
4
44
2
4
4
94
6
4
3
3
142
54
1
4
2
147
2
21
2
63
70
4
2
12
213
2
1
2
3
35
6
7
6
6
145
88
4
147
5
131
2
4
226
2
2
90
4
4
160
3
2
4
2
60
150
4
4
162
1
2
4
2
2
4
111
3
1
4
2
4
124
59
4
4
2
142
2
4
3
4
2
5
145
156
4
2
4
36
1
98
4
2
63
2
2
2
2
4
5
2
2
3
4
2
175
1
8
4
70
2
230
100
5
2
128
4
3
3
4
5
2
99
98
2
4
2
4
45
3
175
4
4
2
156
6
4
66
60
3
247
2
2
82
90
6
4
6
5
2
2
2
2
116
2
4
6
2
4
4
156
80
27
2
2
4
88
18
2
2
4
10
2
40
111
4
196
2
4
33
70
2
2
2
77
2
106
4
27
2
2
27
3
4
2
2
4
4
27
2
2
5
4
2
6
40
2
2
2
6
3
1
4
131
6
5
2
2
213
4
1
6
30
10
4
4
250
2
4
2
4
250
2
4
4
4
178
4
4
1
4
45
4
2
4
3
2
2
58
2
2
4
3
2
12
2
111
6
2
4
1
42
4
6
250
6
3
99
34
2
3
46
142
4
49
3
4
213
4
4
4
3
2
2
4
4
2
6
3
2
4
210
4
50
45
46
6
170
12
36
4
2
4
4
42
4
2
4
2
5
2
2
179
94
2
4
2
3
110
2
2
2
4
14
4
4
3
94
4
24
4
2
30
2
2
4
268
54
6
6
4
2
2
2
162
4
2
2
2
196
2
40
111
17
2
15
6
6
4
1
2
4
4
4
70
50
72
2
2
2
2
6
3
1
4
2
12
4
2
56
190
70
6
1
58
88
3
4
4
2
72
4
4
2
2
3
2
4
2
4
21
2
4
48
4
2
48
2
10
2
4
4
4
42
160
1
2
4
11
3
94
18
4
4
2
10
4
2
2
2
18
1
3
64
4
4
49
3
1
4
28
99
28
1
2
100
44
3
4
226
8
2
2
2
114
1
4
4
7
1
4
4
1
4
130
4
1
2
4
40
81
32
4
1
170
1
12
2
156
2
268
10
2
5
178
3
4
4
4
290
15
4
4
111
4
2
1
4
214
32
2
18
3
6
77
4
2
4
3
55
27
4
2
2
4
2
118
18
2
1
2
4
4
4
2
4
3
2
1
8
3
4
124
1
40
6
4
2
18
1
2
3
2
2
2
63
59
24
4
2
106
30
3
3
2
4
1
9
5
2
2
3
3
16
290
2
2
4
196
4
22
2
4
110
4
4
4
2
3
1
4
175
4
6
213
3
160
118
1
2
3
6
2
40
4
4
10
4
5
36
4
2
4
48
20
2
270
4
3
1
4
2
247
6
32
6
4
2
4
2
4
2
232
2
130
175
4
4
1
2
30
3
2
4
2
2
145
4
4
3
2
16
312
2
4
4
251
2
270
2
2
9
33
4
4
1
42
2
2
94
4
82
63
2
2
2
4
2
3
4
2
6
7
3
3
5
2
80
4
2
85
2
30
25
106
2
4
2
4
270
146
175
9
289
24
5
2
2
5
4
124
6
2
205
2
5
4
4
4
3
4
44
2
4
2
4
230
40
4
2
1
2
2
72
100
4
2
2
6
4
4
2
5
1
3
5
2
24
9
3
2
128
2
4
66
63
251
2
4
1
142
4
4
80
3
6
4
4
4
2
4
1
70
16
4
2
4
4
4
4
30
4
178
150
3
4
60
2
3
114
2
55
1
2
3
2
4
12
4
2
5
2
4
4
3
2
2
6
72
4
4
163
4
4
3
2
24
110
214
2
4
2
94
4
1
137
86
4
4
121
4
2
24
2
4
2
2
56
16
4
2
70
4
205
8
1
2
1
14
2
115
6
162
35
5
4
2
2
4
3
6
3
4
2
2
72
33
4
4
2
4
110
2
6
2
6
4
70
6
116
44
2
98
2
106
4
4
4
4
12
4
11
60
1
2
2
2
20
2
2
21
128
3
2
88
4
4
70
50
98
2
2
3
6
118
21
4
1
2
4
4
4
2
46
4
6
4
230
4
4
2
3
4
2
2
2
10
232
100
2
1
4
50
3
4
4
18
1
4
2
4
2
162
8
2
3
2
4
4
6
2
4
21
2
270
4
3
2
24
137
2
4
2
4
14
2
72
3
4
4
118
4
2
137
5
2
3
2
4
11
50
20
4
4
2
5
2
205
2
6
2
111
142
2
3
4
2
1
3
2
32
4
230
2
4
46
24
100
4
4
54
70
2
250
4
4
46
4
2
4
5
130
2
8
6
5
3
2
3
4
4
2
4
20
81
4
170
128
2
121
24
1
2
2
4
36
1
1
2
4
3
2
66
2
210
16
2
2
1
2
2
1
55
3
4
40
4
232
2
3
4
3
2
2
5
2
6
2
4
4
3
1
56
2
289
58
3
4
4
4
1
2
4
1
4
4
86
2
4
6
6
4
2
4
2
2
2
190
2
4
10
63
13
3
6
150
4
2
2
4
2
17
2
2
4
2
4
4
4
2
80
2
178
30
101
4
4
2
2
114
8
1
128
3
2
2
36
2
4
4
4
4
4
45
2
4
4
142
2
100
163
3
2
2
56
8
114
2
190
2
4
4
2
72
4
7
90
2
2
4
4
2
48
72
5
4
3
2
4
1
58
4
250
45
2
34
17
2
4
2
1
145
4
4
2
4
4
55
4
2
2
2
8
4
4
1
81
18
3
4
82
190
3
2
3
250
32
2
5
2
2
4
2
2
4
4
6
2
54
2
4
4
4
194
3
2
4
66
4
2
2
3
86
2
30
210
184
2
4
2
22
58
6
4
4
2
2
42
3
4
18
90
13
2
2
4
2
98
194
4
4
5
2
20
2
4
99
40
2
190
2
2
4
40
124
3
2
1
4
14
88
6
4
6
4
77
22
4
1
4
44
110
33
4
90
4
4
4
2
2
7
142
184
5
2
77
20
4
2
3
4
4
5
56
4
2
2
45
2
156
178
3
3
2
1
1
9
2
4
82
4
2
85
170
128
251
30
4
2
2
4
2
5
4
1
35
30
145
34
24
5
4
2
3
4
2
289
2
2
4
3
3
21
6
6
30
4
2
160
25
4
213
2
3
4
1
4
5
2
5
3
22
2
2
5
4
4
2
82
2
131
2
4
1
5
137
15
4
2
3
2
77
2
2
55
5
4
2
5
77
4
33
3
4
4
2
2
118
150
3
4
4
2
4
36
3
2
20
156
170
4
1
1
2
2
4
2
210
2
4
4
44
4
6
2
6
10
6
290
99
2
1
4
2
4
5
4
1
1
170
4
2
2
2
18
4
2
4
2
4
2
3
121
14
2
4
4
58
4
4
4
230
6
3
72
2
3
2
2
4
3
4
4
2
4
2
3
3
116
4
2
21
2
2
2
232
21
4
4
4
270
1
163
4
28
40
27
56
4
1
1
6
64
22
2
3
10
2
72
4
4
2
2
3
9
2
4
4
6
130
3
106
50
9
2
1
2
142
4
4
130
18
2
2
2
100
2
1
2
2
35
3
226
54
4
4
4
2
1
196
4
90
179
2
2
4
28
36
2
2
162
2
142
16
194
2
2
4
16
2
4
4
4
106
210
4
6
6
2
4
2
2
4
1
4
4
4
16
2
232
2
10
20
2
4
2
1
4
3
3
4
2
4
4
25
4
4
3
1
2
6
4
2
1
2
4
2
4
4
6
130
4
4
4
2
60
2
10
33
30
4
4
1
15
36
2
6
4
1
118
8
2
5
2
42
85
3
2
70
2
4
2
24
3
9
4
6
40
4
3
66
4
2
2
2
214
1
98
110
4
3
4
6
179
1
190
2
2
22
4
4
4
4
2
13
24
2
72
2
3
1
150
4
2
99
12
312
14
2
2
194
150
2
2
2
4
145
4
4
196
2
4
1
2
2
85
4
2
3
48
2
2
12
184
213
2
2
6
72
4
2
2
4
28
2
114
3
1
4
80
4
4
3
3
3
160
80
48
3
1
1
4
4
6
4
2
55
2
85
2
3
4
4
4
194
4
2
4
1
4
4
4
2
2
162
4
1
160
4
5
70
1
5
2
18
124
124
4
2
2
28
4
4
6
6
5
3
4
2
2
60
9
3
2
194
2
4
2
59
4
131
1
2
4
2
85
4
66
20
4
4
4
2
2
4
8
1
6
2
175
4
2
4
268
4
312
4
196
8
137
3
2
2
2
2
130
4
4
2
3
247
6
4
4
2
3
4
36
5
20
232
4
2
2
270
131
35
2
2
1
4
230
